# version 22
L 0
0 32400
E 0
0 32400
L 1
0 32400
E 1
0 32400
L 2
0 32400
E 2
0 32400
L 3
0 32400
E 3
0 32400
L 4
0 32400
E 4
0 32400
L 5
0 32400
E 5
0 32400
L 6
0 32400
E 6
0 32400
L 7
0 32400
E 7
0 32400
L 8
0 32400
E 8
0 32400
L 9
0 32400
E 9
0 32400
L 10
0 3860 1 3 0 9 1 1 0 1 1 1 0 166 1 5 0 3 1 6 0 166 1 14 0 167 1 12 0 168 1 12 0 168 1 12 0 168 1 12 0 168 1 10 0 170 1 10 0 170 1 10 0 171 1 10 0 171 1 1 0 5 1 3 0 179 1 1 0 1715 1 31 0 149 1 31 0 149 1 31 0 149 1 31 0 149 1 31 0 149 1 31 0 149 1 31 0 149 1 31 0 149 1 31 0 149 1 31 0 149 1 31 0 149 1 31 0 149 1 31 0 149 1 31 0 149 1 31 0 149 1 31 0 149 1 31 0 149 1 31 0 149 1 31 0 149 1 31 0 149 1 31 0 149 1 31 0 149 1 31 0 149 1 31 0 149 1 31 0 149 1 31 0 149 1 31 0 149 1 31 0 149 1 31 0 149 1 31 0 149 1 31 0 19221
E 10
0 32400
L 11
0 32400
E 11
0 32400
L 12
0 32400
E 12
0 32400
L 13
0 32400
E 13
0 32400
L 14
0 32400
E 14
0 32400
L 15
0 32400
E 15
0 32400
L 16
0 32400
E 16
0 32400
L 17
0 32400
E 17
0 32400
L 18
0 32400
E 18
0 32400
L 19
0 32400
E 19
0 32400
L 20
0 32400
E 20
0 32400
