# version 22
L 0
0 32400
E 0
0 32400
L 1
0 32400
E 1
0 32400
L 2
0 32400
E 2
0 32400
L 3
0 32400
E 3
0 32400
L 4
0 32400
E 4
0 32400
L 5
0 32400
E 5
0 32400
L 6
0 32400
E 6
0 32400
L 7
0 32400
E 7
0 32400
L 8
0 32400
E 8
0 32400
L 9
0 32400
E 9
0 32400
L 10
0 2412 1 31 0 149 1 31 0 149 1 31 0 149 1 31 0 149 1 31 0 149 1 31 0 149 1 31 0 149 1 31 0 149 1 31 0 149 1 31 0 149 1 31 0 149 1 31 0 149 1 31 0 149 1 31 0 149 1 31 0 149 1 31 0 149 1 31 0 149 1 31 0 149 1 31 0 149 1 31 0 149 1 31 0 149 1 31 0 149 1 31 0 149 1 31 0 149 1 31 0 149 1 31 0 149 1 31 0 149 1 31 0 149 1 31 0 149 1 31 0 149 1 31 0 24557
E 10
0 32400
L 11
0 32400
E 11
0 32400
L 12
0 32400
E 12
0 32400
L 13
0 32400
E 13
0 32400
L 14
0 32400
E 14
0 32400
L 15
0 32400
E 15
0 32400
L 16
0 32400
E 16
0 32400
L 17
0 32400
E 17
0 32400
L 18
0 32400
E 18
0 32400
L 19
0 32400
E 19
0 32400
L 20
0 32400
E 20
0 32400
