# version 22
L 0
0 32400
E 0
0 32400
L 1
0 32400
E 1
0 32400
L 2
0 32400
E 2
0 32400
L 3
0 32400
E 3
0 32400
L 4
0 32400
E 4
0 32400
L 5
0 32400
E 5
0 32400
L 6
0 32400
E 6
0 32400
L 7
0 18762 1 3 0 13635
E 7
0 32400
L 8
0 18761 1 2 0 177 1 2 0 178 1 1 0 179 1 1 0 13099
E 8
0 32400
L 9
0 18042 1 1 0 14357
E 9
0 32400
L 10
0 15327 1 31 0 149 1 31 0 149 1 31 0 149 1 31 0 149 1 31 0 149 1 31 0 149 1 31 0 149 1 31 0 149 1 31 0 149 1 31 0 149 1 31 0 149 1 31 0 149 1 31 0 149 1 31 0 140 1 1 0 5 1 1 0 2 1 31 0 140 1 2 0 2 1 36 0 137 1 43 0 135 1 45 0 131 1 49 0 125 1 1 0 4 1 50 0 126 1 1 0 1 1 52 0 127 1 53 0 125 1 55 0 125 1 16 0 1 1 1 0 6 1 31 0 124 1 12 0 13 1 31 0 124 1 11 0 14 1 31 0 124 1 11 0 14 1 31 0 127 1 8 0 14 1 31 0 149 1 31 0 149 1 31 0 149 1 31 0 11642
E 10
0 32400
L 11
0 32400
E 11
0 32400
L 12
0 32400
E 12
0 32400
L 13
0 32400
E 13
0 32400
L 14
0 32400
E 14
0 32400
L 15
0 32400
E 15
0 32400
L 16
0 32400
E 16
0 32400
L 17
0 32400
E 17
0 32400
L 18
0 32400
E 18
0 32400
L 19
0 32400
E 19
0 32400
L 20
0 32400
E 20
0 32400
